2 0.19375 0.8611111111111112 0.16805555555555557 0.13611111111111113
2 0.4666666666666667 0.7611111111111112 0.15 0.036111111111111115
3 0.32708333333333334 0.7645833333333334 0.09583333333333334 0.06527777777777778
3 0.28402777777777777 0.888888888888889 0.0763888888888889 0.04722222222222222
3 0.12569444444444444 0.9750000000000001 0.0763888888888889 0.04722222222222222
3 0.03958333333333333 0.8666666666666667 0.07916666666666666 0.07222222222222223
3 0.09444444444444444 0.8041666666666667 0.1527777777777778 0.05555555555555556
3 0.46111111111111114 0.8020833333333334 0.10277777777777779 0.12083333333333333
3 0.5631944444444444 0.7069444444444445 0.043055555555555555 0.030555555555555558
3 0.5027777777777778 0.6451388888888889 0.05 0.051388888888888894
3 0.20347222222222222 0.8694444444444445 0.16527777777777777 0.11111111111111112
0 0.59375 0.7958333333333334 0.05694444444444444 0.17222222222222222
0 0.7034722222222223 0.7819444444444444 0.16527777777777777 0.21944444444444444
