3 0.33125 0.7840277777777778 0.09861111111111112 0.12361111111111112
3 0.04930555555555556 0.8354166666666667 0.09861111111111112 0.08472222222222223
3 0.2555555555555556 0.9333333333333333 0.1638888888888889 0.13055555555555556
3 0.4076388888888889 0.8631944444444445 0.06527777777777778 0.09861111111111112
3 0.8298611111111112 0.7840277777777778 0.3375 0.28750000000000003
3 0.23055555555555557 0.7465277777777778 0.1 0.08472222222222223
3 0.16666666666666669 0.8381944444444445 0.1 0.08472222222222223
3 0.04930555555555556 0.9395833333333333 0.09861111111111112 0.08472222222222223
3 0.5013888888888889 0.8090277777777778 0.1 0.08472222222222223
3 0.6152777777777778 0.7534722222222222 0.1 0.08472222222222223
