3 0.5013888888888889 0.7388888888888889 0.14166666666666666 0.075
3 0.32222222222222224 0.8375 0.2555555555555556 0.07777777777777778
3 0.05347222222222223 0.9187500000000001 0.10694444444444445 0.12361111111111112
3 0.3180555555555556 0.6951388888888889 0.11111111111111112 0.0763888888888889
3 0.6284722222222222 0.757638888888889 0.06527777777777778 0.0375
3 0.6423611111111112 0.7104166666666667 0.06527777777777778 0.0375
2 0.6854166666666667 0.7055555555555556 0.09305555555555556 0.17777777777777778
2 0.6687500000000001 0.8298611111111112 0.12638888888888888 0.07361111111111111
0 0.8618055555555556 0.8215277777777779 0.034722222222222224 0.0763888888888889
0 0.8173611111111111 0.8215277777777779 0.034722222222222224 0.0763888888888889
