3 0.5986111111111111 0.7270833333333334 0.15833333333333333 0.05694444444444444
3 0.6298611111111111 0.68125 0.04861111111111111 0.02638888888888889
3 0.7312500000000001 0.6659722222222223 0.10972222222222222 0.04861111111111111
3 0.81875 0.7006944444444445 0.04861111111111111 0.02638888888888889
3 0.9527777777777778 0.8270833333333334 0.07777777777777778 0.0375
3 0.3861111111111111 0.6715277777777778 0.11111111111111112 0.04027777777777778
3 0.5527777777777778 0.6326388888888889 0.10555555555555556 0.034722222222222224
2 0.6465277777777778 0.8423611111111111 0.44583333333333336 0.2152777777777778
3 0.8659722222222223 0.7520833333333333 0.25416666666666665 0.059722222222222225
0 0.8993055555555556 0.89375 0.16527777777777777 0.15694444444444444
