3 0.41875 0.7118055555555556 0.1125 0.07083333333333333
3 0.23819444444444446 0.70625 0.1125 0.07083333333333333
3 0.7743055555555556 0.5993055555555555 0.22083333333333335 0.09027777777777778
3 0.5486111111111112 0.8131944444444444 0.10277777777777779 0.1375
3 0.7125 0.7909722222222223 0.18611111111111112 0.2013888888888889
3 0.9055555555555556 0.8347222222222223 0.18611111111111112 0.14166666666666666
3 0.2111111111111111 0.8722222222222222 0.08888888888888889 0.0638888888888889
3 0.3111111111111111 0.7944444444444445 0.11944444444444445 0.0638888888888889
3 0.29583333333333334 0.8791666666666667 0.14444444444444446 0.08888888888888889
3 0.08958333333333333 0.7173611111111111 0.17916666666666667 0.10138888888888889
