3 0.8881944444444445 0.8 0.1902777777777778 0.05555555555555556
3 0.46875 0.725 0.10416666666666667 0.08333333333333334
3 0.33958333333333335 0.7597222222222223 0.06805555555555556 0.0638888888888889
3 0.22430555555555556 0.8555555555555556 0.06805555555555556 0.0638888888888889
3 0.2881944444444445 0.6881944444444444 0.043055555555555555 0.03194444444444445
3 0.15763888888888888 0.8243055555555556 0.043055555555555555 0.03194444444444445
3 0.08611111111111111 0.8375 0.058333333333333334 0.04166666666666667
2 0.7312500000000001 0.8229166666666667 0.10694444444444445 0.059722222222222225
3 0.2701388888888889 0.9145833333333334 0.20416666666666666 0.10694444444444445
2 0.12430555555555556 0.875 0.24861111111111112 0.21944444444444444
2 0.3625 0.8159722222222222 0.18055555555555555 0.07916666666666666
3 0.5673611111111111 0.6020833333333333 0.10416666666666667 0.04583333333333334
0 0.6 0.8069444444444445 0.05277777777777778 0.09722222222222222
