3 0.09930555555555556 0.8111111111111111 0.18194444444444446 0.1
3 0.2534722222222222 0.7958333333333334 0.10416666666666667 0.10833333333333334
3 0.37083333333333335 0.8527777777777779 0.15 0.09444444444444444
3 0.3576388888888889 0.7347222222222223 0.10416666666666667 0.05277777777777778
3 0.15208333333333335 0.9375 0.1902777777777778 0.11666666666666667
3 0.40069444444444446 0.7791666666666667 0.051388888888888894 0.036111111111111115
3 0.33958333333333335 0.7791666666666667 0.051388888888888894 0.036111111111111115
2 0.5895833333333333 0.8256944444444445 0.20694444444444446 0.21805555555555556
0 0.45972222222222225 0.7388888888888889 0.04166666666666667 0.10555555555555556
0 0.6402777777777778 0.8472222222222222 0.06944444444444445 0.17500000000000002
