3 0.48750000000000004 0.6930555555555555 0.0638888888888889 0.03888888888888889
3 0.2777777777777778 0.8527777777777779 0.125 0.061111111111111116
3 0.12708333333333333 0.9597222222222223 0.25416666666666665 0.07777777777777778
3 0.059722222222222225 0.7583333333333334 0.08888888888888889 0.061111111111111116
3 0.22777777777777777 0.7618055555555556 0.08055555555555556 0.034722222222222224
3 0.26666666666666666 0.7159722222222222 0.08055555555555556 0.034722222222222224
3 0.3354166666666667 0.7819444444444444 0.10138888888888889 0.03888888888888889
3 0.40555555555555556 0.6819444444444445 0.08055555555555556 0.036111111111111115
3 0.3736111111111111 0.7388888888888889 0.11666666666666667 0.04722222222222222
3 0.5770833333333334 0.8604166666666667 0.15694444444444444 0.051388888888888894
3 0.5909722222222222 0.8034722222222223 0.1513888888888889 0.034722222222222224
3 0.5465277777777778 0.7527777777777778 0.09861111111111112 0.03333333333333333
3 0.5194444444444445 0.6291666666666667 0.0638888888888889 0.03888888888888889
0 0.5958333333333333 0.6847222222222222 0.058333333333333334 0.10555555555555556
