2 0.3766666666666667 0.4391666666666667 0.56 0.5683333333333334
0 0.40166666666666667 0.23333333333333334 0.10333333333333335 0.17
1 0.6525000000000001 0.49000000000000005 0.10166666666666667 0.030000000000000002
1 0.5266666666666667 0.41500000000000004 0.22 0.03666666666666667
1 0.6775 0.19666666666666668 0.155 0.05
1 0.6716666666666667 0.24750000000000003 0.18000000000000002 0.028333333333333335
1 0.6716666666666667 0.2841666666666667 0.14333333333333334 0.021666666666666667
1 0.7416666666666667 0.3325 0.15000000000000002 0.035
1 0.7366666666666667 0.3825 0.12666666666666668 0.025
0 0.68 0.14500000000000002 0.030000000000000002 0.060000000000000005
