0 0.195 0.5125000000000001 0.05666666666666667 0.11166666666666668
0 0.8833333333333334 0.56 0.22666666666666668 0.13
0 0.36833333333333335 0.34833333333333333 0.08333333333333334 0.15666666666666668
1 0.14166666666666666 0.8125 0.2833333333333333 0.11833333333333335
0 0.4783333333333334 0.38583333333333336 0.04 0.028333333333333335
1 0.09583333333333334 0.5591666666666667 0.115 0.03833333333333334
1 0.6366666666666667 0.6341666666666667 0.21333333333333335 0.04166666666666667
2 0.6591666666666667 0.3491666666666667 0.115 0.03166666666666667
0 0.23583333333333334 0.8575 0.08166666666666667 0.18833333333333335
1 0.8258333333333334 0.4008333333333334 0.14166666666666666 0.035
