2 0.27416666666666667 0.6316666666666667 0.115 0.04666666666666667
0 0.8525 0.9125000000000001 0.2516666666666667 0.155
0 0.9133333333333334 0.8225 0.03333333333333333 0.06166666666666667
0 0.4191666666666667 0.9416666666666668 0.045000000000000005 0.10333333333333335
0 0.4266666666666667 0.9400000000000001 0.06333333333333334 0.11666666666666667
0 0.4025 0.8 0.03833333333333334 0.16
2 0.26583333333333337 0.6191666666666668 0.09833333333333334 0.07166666666666667
0 0.26166666666666666 0.8483333333333334 0.06666666666666667 0.26666666666666666
1 0.2016666666666667 0.7833333333333334 0.3666666666666667 0.05
1 0.6375000000000001 0.8725 0.3616666666666667 0.04833333333333334
0 0.9716666666666667 0.8758333333333334 0.03333333333333333 0.07166666666666667
1 0.2675 0.8808333333333334 0.3716666666666667 0.05166666666666667
