3 0.515 0.8583333333333334 0.2066666666666667 0.05666666666666667
3 0.6958333333333334 0.8666666666666667 0.15833333333333335 0.07333333333333333
1 0.8691666666666668 0.8775000000000001 0.21500000000000002 0.04833333333333334
1 0.8275 0.7816666666666667 0.30833333333333335 0.023333333333333334
1 0.7641666666666667 0.7216666666666667 0.21500000000000002 0.02666666666666667
2 0.43250000000000005 0.7075 0.16833333333333333 0.04833333333333334
1 0.2016666666666667 0.8550000000000001 0.4 0.05666666666666667
0 0.3816666666666667 0.5533333333333333 0.030000000000000002 0.023333333333333334
1 0.19083333333333335 0.6000000000000001 0.08166666666666667 0.03333333333333333
1 0.065 0.6533333333333333 0.12333333333333334 0.05333333333333334
2 0.6241666666666668 0.6775 0.03833333333333334 0.04166666666666667
