3 0.7725000000000001 0.9408333333333334 0.125 0.115
3 0.8225 0.8558333333333333 0.115 0.05166666666666667
3 0.7158333333333334 0.7816666666666667 0.08166666666666667 0.060000000000000005
3 0.5108333333333334 0.9616666666666668 0.11833333333333335 0.07333333333333333
2 0.5133333333333334 0.68 0.07333333333333333 0.14333333333333334
1 0.4425 0.8300000000000001 0.48500000000000004 0.05666666666666667
1 0.9083333333333334 0.8708333333333333 0.18000000000000002 0.04833333333333334
1 0.6491666666666667 0.7208333333333333 0.21833333333333335 0.05166666666666667
1 0.2675 0.9766666666666667 0.1716666666666667 0.043333333333333335
1 0.45333333333333337 0.9375000000000001 0.11666666666666667 0.06833333333333334
