1 0.44833333333333336 0.5700000000000001 0.2566666666666667 0.04666666666666667
1 0.5925 0.26166666666666666 0.19166666666666668 0.03333333333333333
1 0.6841666666666667 0.18416666666666667 0.14833333333333334 0.07500000000000001
1 0.42250000000000004 0.535 0.8116666666666668 0.05666666666666667
1 0.7283333333333334 0.4025 0.17666666666666667 0.058333333333333334
0 0.8125 0.49583333333333335 0.10500000000000001 0.14166666666666666
1 0.8808333333333334 0.4783333333333334 0.23500000000000001 0.08666666666666667
1 0.8591666666666667 0.30333333333333334 0.095 0.03333333333333333
1 0.5425 0.1925 0.115 0.025
1 0.42250000000000004 0.2516666666666667 0.13166666666666668 0.04
