2 0.6025 0.6108333333333333 0.19833333333333333 0.18500000000000003
2 0.49000000000000005 0.8425 0.19 0.24500000000000002
1 0.10416666666666667 0.885 0.20833333333333334 0.04666666666666667
1 0.21000000000000002 0.7041666666666667 0.19 0.045000000000000005
1 0.27416666666666667 0.5891666666666667 0.125 0.028333333333333335
1 0.51 0.68 0.18333333333333335 0.02
1 0.49500000000000005 0.63 0.15333333333333335 0.023333333333333334
1 0.7308333333333333 0.6791666666666667 0.21166666666666667 0.028333333333333335
1 0.7516666666666667 0.7408333333333333 0.11666666666666667 0.021666666666666667
1 0.4633333333333334 0.5708333333333334 0.11333333333333334 0.021666666666666667
3 0.5733333333333334 0.5508333333333334 0.04 0.021666666666666667
